2387.351844408373
5716.436246713135
