2912.0580885652753
6216.930362447784
